,links
0,https://nl.linkedin.com/in/yijie-lu-568a2924b/es?trk=people-guest_people_search-card
1,https://nl.linkedin.com/in/spiros-koulouzis-49809431
4,https://nl.linkedin.com/in/adiam-015004231
5,https://nl.linkedin.com/in/xinzhe-t-57ba7a230?trk=people-guest_people_search-card
10,https://nl.linkedin.com/in/vinoth-krishnan-elangovan-a568812b
16,https://nl.linkedin.com/in/sergiuwaxmann
